188.717	252.803	99.5836	104.358	39.2282	234.088	35.067	33.0867
208.739	251.015	103.514	98.3436	39.6896	236.003	34.4177	33.5034
256.796	246.488	98.8153	98.6295	39.6125	239.205	34.4243	32.969
197.002	252.469	99.9835	106.486	39.9154	235.622	35.4528	33.2874
198.2	251.213	92.9198	114.102	39.6908	235.646	36.1709	32.4528
157.72	253.706	87.0382	121.384	37.6608	230.65	36.7831	31.6843
179.88	254.498	100.521	109.48	39.7666	234.464	35.9283	33.5107
152.491	257.347	103.548	104.854	37.6021	230.652	35.4566	33.8395
146.964	257.258	113.692	91.5028	36.9154	229.677	33.9128	34.8236
197.512	253.626	108.682	102.198	40.9461	237.095	35.3477	34.5428
236.419	249.958	110.573	96.5608	41.2911	240.26	34.6896	34.7046
199.559	253.808	104.615	110.272	41.4766	237.996	36.3616	34.2893
228.87	250.867	100.16	113.299	41.7393	240.451	36.6449	33.782
207.639	250.417	90.6296	124.571	40.9384	238.535	37.6168	32.5984
197.953	254.256	104.009	114.251	41.9094	238.534	36.9316	34.3926
165.035	256.891	101.216	117.47	40.1296	234.544	37.2301	34.0782
138.65	259.837	107.34	106.745	36.4916	230.099	36.1687	34.7364
192.961	255.436	110.671	109.599	42.3376	238.747	36.6615	35.2753
203.299	254.131	118.525	99.2508	42.5418	239.765	35.5183	36.0144
265.788	248.589	117.613	94.0926	42.5484	244.227	34.8617	35.8877
239.445	252.069	108.753	112.678	43.5963	243.489	37.1447	35.2415
266.137	248.955	99.598	119.891	43.0657	245.007	37.8047	34.1948
211.355	254.643	109.407	117.238	43.891	241.987	37.7858	35.4992
191.966	255.335	102.126	126.449	43.1247	239.984	38.605	34.6879
150.211	258.981	101.154	125.457	39.7951	234.175	38.5101	34.5644
200.288	256.018	112.013	117.867	44.204	241.651	38.0439	35.9567
182.37	257.482	119.754	108.197	43.4253	239.645	37.0663	36.716
205.498	254.316	129.032	95.6632	43.9773	242.073	35.5783	37.4913
232.722	254.088	115.981	115.103	45.3944	245.262	37.9687	36.5428
290.905	250.008	112.317	114.153	45.0943	248.74	37.8498	36.1436
308.553	246.744	98.3221	126.014	43.9387	249.246	38.9183	34.5166
226.389	254.116	107.053	129.71	45.6451	245.445	39.5038	35.7802
183.187	256.094	99.5173	139.928	44.1222	241.022	40.2957	34.8748
216.415	255.943	115.074	124.295	46.3745	245.392	39.2489	36.8394
179.968	258.815	117.358	121.291	44.9669	241.473	38.9722	37.071
170.05	259.218	129.207	105.876	44.1169	240.099	37.3595	38.1549
225.644	255.854	120.91	120.44	47.2179	246.954	39.0987	37.6208
267.203	252.966	124.882	112.547	47.2534	249.869	38.2862	37.9795
357.819	247.635	115.16	114.622	46.0452	253.699	38.4655	36.9833
252.145	254.095	114.985	129.816	47.8584	249.677	40.159	37.2129
238.383	253.27	103.936	143.44	47.1069	248.557	41.2385	35.9456
172.406	256.527	96.3103	154.59	44.8474	241.635	41.9904	34.9552
194.882	258.346	115.875	134.6	47.5488	245.419	40.7981	37.5136
160.688	261.317	122.158	123.696	44.8405	240.815	39.8212	38.1401
227.152	256.813	123.308	128.841	49.2236	249.355	40.5265	38.4741
232.715	256.335	133.21	116.242	49.2377	249.805	39.2943	39.3817
304.753	251.526	133.916	109.099	48.6832	254.168	38.4824	39.3998
257.547	255.203	123.404	131.063	50.0569	252.406	40.9437	38.6887
297.712	252.095	114.137	138.456	49.3483	254.628	41.5504	37.7007
246	252.112	100.209	158.298	48.2471	251.293	42.9761	35.9972
222.959	257.18	118.052	143.502	50.3116	250.478	42.2194	38.3541
174.202	260.442	115.682	145.088	48.0888	244.96	42.3356	38.0894
241.214	256.877	126.339	136.519	51.48	252.808	41.8897	39.4161
212.092	258.858	134.628	126.753	51.0888	250.272	41.0061	40.1935
235.124	256.492	146.646	111.256	51.0619	252.265	39.3543	41.1634
251.79	256.643	129.578	136.101	52.3068	254.386	42.0915	39.9509
317.689	253.051	127.911	132.914	51.7548	258.101	41.7875	39.7674
351.192	249.791	112.363	146.599	50.2681	259.248	42.896	38.0784
252.746	256.49	124.25	146.975	52.8469	255.216	43.2322	39.6456
210.794	257.927	114.478	161.097	51.8142	251.548	44.2575	38.5694
155.079	262.215	114.512	155.411	47.6625	244.038	43.8398	38.558
211.841	259.682	133.063	140.957	53.3472	252.553	43.0021	40.7474
195.165	260.593	146.637	123.448	52.6022	250.71	41.3498	41.9258
252.049	257.519	133.783	143.669	54.6606	256.804	43.48	41.0499
292.148	255.456	140.726	132.376	54.4818	259.337	42.4657	41.6708
398.587	250.574	131.507	133.403	52.759	263.498	42.5239	40.7748
267.912	256.812	132.653	148.684	55.3673	258.698	44.1451	41.1771
267.337	255.594	119.959	164.822	54.5725	258.553	45.3251	39.8347
196.329	258.343	110.178	180.886	53.0055	252.163	46.3178	38.6543
228.893	259.197	133.176	154.052	56.0548	256.518	44.8391	41.4742
185.157	262.188	139.142	144.036	54.4868	251.778	44.0217	42.0304
177.706	262.001	159.104	119.146	53.5847	250.674	41.5546	43.652
260.201	257.968	148.972	137.57	57.2387	259.837	43.7057	43.1544
337.044	253.941	152.244	127.498	56.111	263.974	42.691	43.3895
265.87	257.819	140.002	153.207	58.0235	261.044	45.3194	42.6218
319.651	254.727	131.384	160.002	57.0369	264.034	45.819	41.7581
276.523	254.387	114.939	184.763	55.8896	261.487	47.438	39.8835
254.573	258.435	137.403	161.901	58.8045	261.048	46.2702	42.63
200.396	261.297	132.776	167.799	57.7354	255.957	46.6894	42.1621
161.632	264.376	144.296	145.57	54.3674	250.507	44.9305	43.247
243.122	259.626	150.633	149.793	59.9812	261.019	45.5958	44.1065
262.601	258.095	165.95	130.52	59.5767	262.447	43.7632	45.312
383.943	252.123	163.801	121.759	57.2003	268.243	42.7652	45.0817
330.244	255.575	145.697	155.535	59.9451	267.161	46.3375	43.9216
381.649	252.335	128.91	170.847	57.9791	269.043	47.4501	42.2056
272.75	258.298	145.276	165.393	61.6176	264.857	47.4162	44.1716
238.318	259.171	132.463	184.592	60.9911	262.152	48.7264	42.8796
175.171	263.067	131.111	181.601	58.546	254.893	48.5164	42.7198
246.825	259.92	150.593	164.318	62.8347	263.817	47.6425	44.941
220.406	261.354	165.736	145.039	62.5813	261.432	46.0023	46.1988
258.999	257.903	184.684	122.889	61.6003	264.608	43.6512	47.4969
305.313	257.383	157.782	157.168	63.323	268.565	47.3593	45.8448
418.259	252.986	150.243	156.011	60.9751	273.001	47.2253	45.1398
452.776	249.662	125.378	180.64	58.2704	273.653	49.0125	42.5127
289.43	257.356	139.312	188.287	63.6821	268.421	49.9371	44.3885
219.66	259.575	126.638	210.983	62.8227	262.759	51.2429	42.9677
264.897	259.41	153.463	175.503	65.756	267.76	49.4191	46.067
210.556	262.424	158.26	168.285	65.5808	262.91	48.8762	46.4921
197.899	262.757	181.74	138.989	64.7129	261.332	46.2359	48.3045
280.729	258.989	165.209	164.64	66.8178	269.751	48.9032	47.3889
354.071	255.789	172.317	150.174	65.1876	273.526	47.6193	47.9279
540.48	250.092	153.381	154.605	61.2298	278.477	47.9666	46.2559
325.59	256.805	151.761	184.415	66.5643	273.118	50.7007	46.4861
299.908	256.108	132.476	214.697	65.2104	271.552	52.521	44.4314
282.239	259.059	160.971	180.785	68.8254	271.599	50.8035	47.6575
226.802	261.515	152.766	193.361	68.9095	267.085	51.6648	46.8962
180.153	264.611	164.79	170.164	67.335	261.467	49.9782	47.9698
271.707	259.751	167.151	178.539	70.2395	271.787	50.9826	48.5188
282.738	259.082	186.298	154.475	69.8451	272.511	48.9541	50.0045
405.915	253.906	187.173	142.126	66.3531	278.11	47.6909	50.0026
324.146	257.542	165.568	182.628	70.1541	275.815	51.6236	48.6977
390.3	254.337	148.323	198.787	67.4806	278.495	52.6906	47.0207
302.35	254.561	125.095	244.719	66.1748	274.216	55.1284	44.2971
261.863	259.793	154.084	209.434	71.9355	272.728	53.7769	47.9491
194.665	263.292	150.413	211.69	71.365	265.866	53.8944	47.5667
281.891	259.501	169.63	191.688	73.4702	275.174	53.0095	49.7344
242.699	261.465	185.836	171.602	74.2806	272.17	51.4677	51.0519
278.314	258.877	210.17	143.769	72.4737	274.788	48.7934	52.688
302.682	258.734	175.358	188.347	74.2407	277.425	53.1368	50.5704
408.576	254.861	171.283	183.036	71.1506	282.065	52.7051	50.1833
464.862	251.599	143.528	211.981	67.5615	283.479	54.6085	47.3823
299.181	258.524	162.682	212.684	74.8785	278.037	55.1558	49.7675
239.425	260.203	146.133	243.958	74.6502	273.326	56.857	48.0383
167.901	264.713	146.56	229.635	72.5957	264.117	56.0795	48.0648
237.079	262.106	179.215	196.812	78.2528	274.123	54.5164	51.6229
215.352	262.871	206.059	163.021	77.9682	271.998	51.7362	53.6307
293.941	259.575	180.957	199.315	78.2944	279.435	55.0849	52.1368
354.933	257.264	193.37	178.16	76.3766	282.706	53.4387	53.1077
531.562	252.109	175.192	180.866	71.148	287.968	53.6063	51.5494
315.923	258.431	175.617	211.086	78.5279	281.751	56.2864	52.035
310.601	257.258	153.3	246.87	76.6679	281.361	58.3169	49.7988
216.171	260.255	137.516	285.315	76.822	273.384	60.014	47.9204
250.907	261.095	175.829	220.954	81.7585	278.242	57.3504	52.4353
200.493	264.337	187.413	199.088	82.4336	272.491	55.865	53.4321
190.553	263.931	227.347	153.32	81.0007	271.275	51.7792	56.2203
296.705	259.691	206.455	184.397	82.2495	282.34	55.1232	55.3179
404.153	255.268	212.15	166.755	77.5948	287.592	53.5026	55.6596
306.4	259.168	187.119	214.555	83.0662	283.934	57.8014	54.2081
374.157	255.837	170.83	229.827	79.3273	287.485	58.7379	52.6804
313.115	255.692	143.37	287.282	77.7047	284.187	61.5554	49.6085
277.832	259.813	179.943	233.871	84.9621	283.168	59.477	53.9657
212.221	262.883	172.526	244.859	86.384	276.853	60.0971	53.2495
169.305	266.147	193.689	198.322	85.2349	270.297	57.0264	55.1294
262.928	261.114	205.776	204.174	87.8885	282.81	57.942	56.5712
286.995	259.274	236.086	169.117	85.698	284.728	54.8941	58.6235
449.289	253.003	230.953	154.757	77.928	292.023	53.3263	58.188
381.485	256.544	194.216	214.784	83.918	290.573	59.1316	56.0343
442.233	253.065	164.33	247.328	79.042	292.811	61.1154	53.1082
297.826	259.26	190.755	236.153	88.7364	287.278	61.0382	56.183
252.541	260.228	169.017	277.466	88.8871	283.745	63.2637	54.0526
180.777	264.3	167.293	268.784	90.0593	274.893	62.8078	53.8475
259.894	261.15	201.271	229.466	92.5388	285.307	61.1035	57.5409
231.468	262.506	230.636	191.839	93.6737	282.555	58.2511	59.743
275.598	258.748	270.047	154.119	88.4859	286.572	54.409	62.019
335.087	258.137	214.132	212.541	90.2976	291.377	60.3727	59.0246
477.55	253.541	199.018	211.487	83.4659	296.863	60.2396	57.7216
292.013	259.493	203.018	238.556	93.772	289.813	62.6854	58.5973
306.342	257.869	177.786	278.732	90.8429	290.784	64.9378	56.1943
226.753	260.276	157.403	331.905	92.1745	283.744	67.1969	53.8773
270.623	260.122	201.818	248.792	96.3494	289.313	63.85	58.9619
214.811	263.277	211.389	232.16	99.8475	283.47	62.7709	59.7732
200.999	263.435	257.389	178.266	98.9845	281.706	58.2762	62.9676
292.244	259.503	224.731	221.654	97.2211	291.802	62.5315	61.3289
373.965	255.979	237.163	196.19	91.5152	296.546	60.4203	62.1833
599.494	250.243	201.144	204.983	81.96	302.73	61.0966	59.233
340.339	256.868	196.392	262.365	94.2893	295.871	65.7232	59.3852
308.552	256.281	164.362	330.973	91.9326	293.762	68.9729	55.9241
284.483	259.32	210.473	255.263	100.377	293.334	65.8823	61.178
226.062	261.887	197.194	279.043	103.794	287.739	67.2552	59.9599
178.884	265.008	219.112	230.713	106.482	281.034	64.2067	61.8797
270.486	259.994	223.895	243.485	103.524	293.224	65.6809	62.8306
284.258	259.151	260.04	199.602	101.783	294.291	62.2039	65.4161
414.369	253.788	260.668	179.525	91.5616	301.243	60.1656	65.3475
329.805	257.283	218.032	250.813	100.168	298.388	66.7181	62.8519
395.22	254.069	187.599	284.952	93.3779	301.519	68.6985	59.8968
301.232	254.371	151.029	394.322	91.9993	296.176	73.1027	55.3879
257.344	259.7	195.399	307.701	105.953	293.883	70.5661	61.2559
190.712	263.276	190.106	309.976	110.768	285.553	70.6513	60.685
272.216	259.495	223.004	264.968	108.332	296.332	68.8362	64.3871
236.636	261.347	253.341	225.688	112.086	292.875	66.0382	66.7648
272.364	258.591	301.593	178.708	105.474	296.2	61.5519	69.6767
298.154	258.265	232.734	254.051	107.76	299.408	68.721	65.7686
400.4	254.315	223.797	245.879	98.9441	305.029	68.0936	64.9542
448.76	251.025	177.267	304.341	91.3113	306.683	71.5486	60.1151
289.274	257.963	206.017	306.25	108.474	299.682	72.4724	63.8958
230.021	259.713	179.762	375.525	110.791	293.813	75.4904	60.9986
162.48	264.278	181.107	339.355	116.418	282.798	73.9727	61.1169
223.854	261.615	235.124	267.953	119.571	294.278	70.9178	67.1635
206.64	262.354	285.622	206.708	120.514	291.889	66.0335	70.8026
276.306	258.781	238.942	267.443	115.196	300.753	71.5331	68.0935
332.599	256.308	259.903	230.556	108.876	304.832	68.7398	69.712
483.93	251.091	226.185	236.743	96.3973	311.247	69.1529	66.8449
298.076	257.371	224.321	293.029	113.441	303.525	73.807	67.3956
290.193	256.324	187.905	369.976	109.57	302.798	77.5401	63.5109
203.92	259.36	164.277	463.657	114.563	293.127	80.6207	60.4258
233.48	260.33	223.496	310.143	123.623	298.39	75.5228	67.9472
186.74	263.371	244.346	265.449	131.227	291.59	72.7131	69.8011
269.67	258.457	237.927	289.411	121.107	303.265	75.0264	69.9151
270.295	258.489	279.02	235.462	121.266	303.329	71.0617	73.1807
362.461	254.076	288.037	207.491	108.429	309.767	68.3687	73.7018
281.44	257.678	240.786	289.124	121.167	305.381	75.7311	70.8265
337.913	254.546	212.572	320.978	111.476	309.455	77.553	68.0107
282.975	254.376	170.42	450.152	109.272	305.317	82.7979	62.7878
252.116	258.607	224.876	329.158	126.194	303.592	78.8474	69.978
195.702	261.658	214.046	348.165	134.945	295.972	79.8026	68.8338
157.772	264.754	249.827	257.814	142.292	288.326	74.1668	72.2373
235.761	259.742	271.152	263.92	133.27	302.812	75.4419	74.8064
258.324	257.867	327.057	206.48	126.186	305.291	70.1725	78.5536
260.773	257.998	246.641	302.372	129.812	306.651	78.8845	73.4465
329.918	254.71	247.476	281.982	118.631	312.33	77.4583	73.4705
374.985	251.458	199.116	345.201	108.059	314.892	81.1815	68.2527
262.551	257.475	237.452	323.998	130.458	307.901	81.0143	73.2794
225.118	258.571	204.035	407.478	133.171	303.443	85.0529	69.6011
165.837	262.618	202.36	384.914	145.77	292.958	84.0411	69.348
226.532	259.466	256.079	303.254	141.27	304.771	80.5798	75.8022
205.539	260.681	308.098	237.696	145.889	301.689	75.3861	79.909
241.815	256.914	383.736	180.885	129.638	306.616	68.9019	84.1748
285.481	256.024	277.128	268.989	130.65	312.305	78.8536	78.3821
382.838	251.478	250.076	269.546	114.438	318.848	78.7783	75.8601
254.146	257.248	252.999	316.724	138.294	310.299	83.1613	77.0547
262.362	255.796	213.314	395.863	131.472	311.14	87.3976	72.728
199.595	258.186	183.952	512.556	138.832	302.642	91.6177	68.8173
231.597	258.198	249.631	332.465	145.525	308.656	85.0668	77.5255
188.563	261.149	266.592	299.233	159.305	301.831	82.8472	79.1353
179.221	261.263	347.633	212.444	158.36	299.924	74.8704	85.1498
246.888	257.22	289.565	275.942	144.613	311.688	81.9316	82.0023
306.009	253.759	309.038	237.572	129.386	317.449	78.3152	83.4568
436.078	248.006	248.266	253.185	109.109	324.86	79.6504	77.9253
281.615	254.408	237.695	349.147	134.566	316.48	87.9138	77.804
255.775	253.816	190.713	488.459	130.573	313.752	94.1429	71.7386
237.272	256.934	256.147	336.494	149.733	312.716	88.1873	80.6727
194.197	259.466	237.325	375.78	162.418	306.007	90.4963	78.6285
159.027	262.477	272.729	288.963	178.882	298.278	84.6843	82.2352
225.402	257.551	280.845	304.115	156.868	312.218	86.9183	83.9967
236.154	256.559	341.435	236.258	151.192	313.69	80.6997	88.8243
319.532	251.219	340.479	209.202	126.301	322.02	77.2946	88.5769
268.125	254.452	267.116	315.689	143.97	318.628	88.6995	83.5372
306.062	251.305	220.655	377.55	129.007	322.15	92.565	78.0654
243.72	251.548	170.16	606.02	127.916	315.701	101.161	70.3492
212.723	256.857	228.862	418.412	159.581	312.486	96.0138	80.118
164.597	260.377	222.606	418.272	180.15	302.724	95.9411	79.2446
220.067	256.759	271.124	332.565	164.028	314.798	92.0972	85.9096
197.362	258.434	320.376	268.726	174.916	310.959	86.7825	90.4594
221.718	255.575	403.363	202.709	155.77	315.022	78.9736	96.0833
240.125	255.11	285.525	308.566	158.032	318.817	91.2978	88.3482
301.233	251.224	269.839	299.68	137.14	325.402	90.3705	86.5902
324.458	247.961	202.988	397.963	122.234	327.24	96.9956	77.8359
230.433	254.685	238.989	400.63	158.624	318.632	98.6868	84.0704
189.419	256.439	203.301	529.461	167.841	311.571	104.472	79.0303
220.925	255.518	272.646	340.305	168.605	318.381	96.0384	89.114
184.019	258.373	282.221	326.48	189.76	311.6	94.9968	90.1589
172.734	258.971	363.039	236.212	193.778	309.018	86.0379	97.2257
218.856	255.366	289.021	318.162	172.068	319.224	95.4637	91.9618
253.81	252.839	319.438	267.292	155.411	324.136	90.5092	94.8245
332.369	247.754	267.467	279.28	129.052	331.654	91.4521	89.2393
232.255	253.661	260.288	362.323	164.272	322.452	100.02	89.7377
224.813	252.687	210.498	495.872	156.753	321.318	107.366	82.6957
168.075	255.686	180.289	681.71	173.742	309.983	113.489	77.4502
186.48	256.723	257.172	384.894	192.209	315.497	102.965	90.4995
155.745	259.642	288.772	313.688	220.172	307.761	97.3435	94.1437
208.147	254.814	280.092	341.636	181.937	320.937	101.091	94.4226
209.93	254.678	340.752	265.8	180.853	321.256	93.7275	100.625
262.391	250.293	352.95	231.655	150.393	328.863	89.0829	101.477
217.769	253.577	279.202	340.818	176.897	323.803	102.284	95.4661
248.076	250.56	239.726	393.238	155.319	328.314	106.035	90.0181
215.016	250.406	185.448	617.418	152.493	323.312	116.603	80.7992
195.071	254.586	252.079	406.876	189.851	320.792	108.484	93.147
158.901	257.585	239.449	429.297	218.709	311.953	110.018	91.2476
133.268	260.561	289.863	295.752	255.132	303.317	99.0446	97.7352
183.807	255.641	319.102	300.108	206.575	319.538	100.823	102.642
198.035	253.673	402.595	223.399	186.911	322.584	91.3388	110.065
200.361	253.601	282.946	347.151	192.323	324.259	106.82	99.7243
238.62	250.363	282.139	321.988	165.827	330.772	104.429	99.406
259.508	247.219	218.881	415.303	145.047	333.582	111.838	89.6429
198.733	253.001	262.632	385.817	191.941	325.147	111.488	98.2341
175.012	254.141	222.527	515.84	201.526	319.759	119.391	91.6088
136.639	258.1	220.855	467.982	247.198	307.785	117.031	91.3242
174.198	255.073	291.228	348.434	220.506	320.74	109.634	103.198
162.082	256.135	363.586	260.177	233.539	317.425	99.7361	111.408
184.224	252.354	476.112	192.002	189.674	323.194	88.3962	120.206
209.378	251.336	316.567	293.683	187.52	329.708	105.649	108.026
257.25	246.909	279.526	298.578	153.483	337.216	105.791	102.842
191.415	252.324	279.267	362.009	202.677	327.278	114.12	104.434
194.171	250.999	228.417	469.761	188.532	327.883	122.683	96.284
156.402	253.372	196.201	657.041	210.161	318.022	131.32	89.4242
174.009	253.464	274.967	380.379	222.333	324.285	117.434	105.018
148.592	256.283	294.806	330.682	263.503	316.605	112.671	108.37
143.023	256.29	404.565	223.174	261.677	314.62	97.8798	120.608
183.206	252.25	328.501	296.812	214.862	327.846	110.087	114.069
214.794	248.796	349.679	251.062	179.503	334.547	103.62	116.712
271.446	243.24	271.347	272.229	140.767	343.047	106.308	105.635
201.706	249.238	254.132	388.119	188.261	333.274	121.942	104.719
186.52	248.717	199.215	577.995	181.882	329.901	134.878	93.6477
174.884	251.787	275.234	377.073	222.861	328.205	122.477	109.524
149.641	254.277	254.632	422.76	258.925	320.47	126.613	105.928
127.954	257.147	296.191	308.295	317.577	311.826	114.853	113.069
167.113	252.34	309.377	324.427	238.615	327.266	118.337	116.579
173.801	251.231	385.247	245.969	222.774	329.161	106.714	126.344
215.954	246	378.959	215.779	169.22	338.712	100.83	125.605
191.391	248.923	285.138	333.074	201.939	334.878	121.586	114.755
208.83	245.915	230.762	409.737	172.673	338.663	129.601	104.121
169.834	250.771	285.131	353.485	231.85	330.558	125.801	116.207
158.378	251.322	239.243	463.293	238.766	327.052	136.525	107.307
129.647	254.747	231.012	452.53	301.048	315.997	135.903	105.933
160.826	251.295	289.259	350.14	248.234	329.075	127.324	118.601
148.813	252.791	348.758	276.83	274.943	324.968	116.725	127.97
162.844	249.909	449.021	205.384	226.144	329.727	102.638	139.918
173.149	249.279	302.151	313.935	226.299	334.064	124.703	123.224
202.844	245.497	282.443	307.741	183.095	341.442	123.319	119.262
211.851	242.377	208.205	418.029	156.998	343.373	136.809	102.669
166.249	248.776	243.322	421.843	226.032	333.323	140.194	113.38
142.817	250.539	207.541	570.559	250.815	325.163	152.327	104.229
158.761	249.732	280.721	350.267	249.392	332.191	134.062	122.915
138.668	252.441	293.332	330.836	303.94	324.643	131.301	125.37
132.468	252.91	383.405	235.934	314.643	321.946	114.078	140.209
158.293	249.31	300.767	315.376	251.493	333.313	130.975	129.14
176.559	246.758	332.193	265.536	213.772	338.975	121.759	134.598
211.098	241.859	273.824	279.427	164.658	347.386	123.906	122.933
165.342	247.37	262.588	365.449	228.939	336.942	140.625	122.991
160.37	246.508	210.593	505.991	215.894	335.347	156.32	109.64
128.498	249.439	179.781	698.499	257.375	322.567	169.884	100.451
138.113	250.492	257.994	385.411	296.146	328.106	146.041	124.03
120.47	253.243	292.457	309.937	378.467	319.527	134.128	131.581
149.4	248.572	284.753	332.036	267.006	333.974	140.455	132.301
151.023	248.286	348.004	258.576	261.469	334.594	126.098	145.069
177.024	243.985	358.133	226.214	198.613	343.195	117.809	146.52
155.691	246.941	279.136	331.075	246.75	337.63	142.62	133.127
169.822	244.077	237.437	383.587	205.411	342.407	150.79	122.036
152.648	243.982	183.128	598.553	202.645	336.597	174.145	105.186
141.276	248.016	247.411	395.928	276.398	333.277	155.842	127.188
120.817	250.913	236.181	414.642	352.595	323.331	158.405	123.902
105.418	253.687	286.965	285.196	479.508	313.792	135.646	136.945
134.481	248.979	317.386	283.402	312.529	331.486	138.027	147.078
142.498	246.964	399.184	215.335	265.377	335.104	120.347	163.24
144.121	246.706	279.942	323.765	271.226	337.078	149.032	140.469
162.93	243.553	275.985	305.034	218.143	344.267	144.843	139.097
171.497	240.572	213.314	389.879	182.982	347.175	160.512	119.922
141.964	246.049	253.115	364.899	267.95	337.492	159.807	135.243
128.624	247.22	214.355	473.132	292.305	331.238	176.698	122.761
106.291	250.984	214.71	432.459	418.474	317.934	170.764	122.544
127.22	248.159	279.691	320.504	334.05	331.708	153.96	145.606
120.89	249.058	348.991	242.773	364.084	328.245	134.2	163.384
136.218	245.896	270.953	326.26	286.899	337.518	158.151	145.626
146.267	244.215	304.851	272.154	252.231	342.027	144.669	155.349
167.905	239.956	267.234	276.484	191.7	350.271	145.49	143.977
136.938	244.984	263.539	330.755	277.596	339.202	162.276	145.916
137.463	243.804	217.88	424.46	253.039	339.509	181.017	129.815
116.778	246.113	186.573	558.68	301.148	328.476	200.717	117.461
125.555	246.273	257.079	342.704	323.384	334.699	168.43	146.503
111.674	248.898	279.447	299.671	425.405	326.267	157.659	153.883
108.68	248.804	375.959	208.919	418.965	324.306	129.238	181.062
130.649	244.87	307.771	265.995	298.76	338.741	150.919	166.145
146.345	241.477	325.667	230.464	230.468	346.274	138.984	171.347
128.446	244.443	264.993	315.45	300.485	338.921	168.434	154.988
139.786	241.737	237.59	343.99	242.663	344.712	175.806	144.392
131.558	241.306	188.578	485.676	234.513	340.74	205.288	123.515
124.871	244.259	251.288	333.279	308.76	338.286	176.952	152.764
111.028	246.643	234.955	363.882	391.357	329.634	184.906	146.136
98.5713	249.288	273.541	275.444	556.239	320.178	159.559	161.091
120.212	244.74	283.923	281.72	338.586	336.829	165.033	168.659
124.074	243.554	346.08	220.498	302.934	339.184	142.627	190.348
144.331	238.511	340.237	196.776	208.089	349.756	132.329	188.099
133.142	241.11	261.22	290.587	257.763	345.59	171.308	162.955
140.699	238.281	213.026	347.988	211.234	349.512	188.986	141.275
121.382	242.846	254.873	307.865	310.469	340.262	180.997	163.701
114.773	243.452	217.309	384.601	328.238	336.104	204.227	146.26
98.5852	246.675	213.126	375.974	473.806	323.937	201.755	144.085
115.24	243.485	259.746	297.471	346.297	337.646	181.409	169.424
109.156	244.779	307.882	241.184	398.88	333.368	159.416	190.313
116.843	241.955	383.266	185.454	298.904	338.853	133.727	218.774
122.311	241.194	272.045	268.24	291.739	343.594	173.973	178.891
136.241	237.57	252.771	263.844	220.557	351.62	171.987	169.5
139.564	234.638	190.426	342.219	183.849	353.53	201.109	136.783
117.922	240.632	219.015	348.015	289.719	342.266	208.597	155.634
105.153	242.343	188.761	437.667	339.238	333.198	236.855	138.672
112.89	241.667	247.484	295.557	333.645	340.086	193.521	174.524
102.291	244.161	258.714	278.641	444.327	331.871	186.299	180.499
99.0359	244.497	327.802	207.421	464.794	329.199	152.301	214.557
112.94	241.017	266.509	262.701	327.68	341.465	183.228	189.002
122.196	238.503	287.828	227.342	261.704	347.835	165.634	200.294
137.45	233.847	240.543	237.136	189.104	356.931	170.424	174.179
116.486	238.917	230.723	299.043	281.848	345.477	204.697	172.49
113.405	238.172	189.307	387.008	265.17	343.481	241.35	146.524
96.1566	240.938	164.813	487.04	339.406	329.599	275.677	130.411
100.965	241.989	226.58	310.192	406.084	334.743	215.331	173.767
91.1504	244.499	253.024	256.893	587.115	325.43	188.702	190.246
106.708	240.12	248.567	268.591	345.862	340.846	199.616	192.143
107.877	239.71	294.089	218.197	331.495	341.816	170.965	220.861
120.623	235.589	298.574	194.249	232.498	351.323	156.103	223.387
110.503	238.187	240.428	267.136	298.858	345.311	203.754	191.315
116.965	235.526	207.149	301.25	239.489	350.298	222.543	167.855
108.084	235.482	164.667	420.524	239.219	343.862	279.866	136.858
101.832	239.275	213.607	310.112	350.189	339.611	233.858	176.447
90.528	241.982	205.89	318.029	495.278	328.783	238.228	170.664
103.431	238.471	234.933	266.857	337.12	342.305	214.319	196.899
97.8539	240.122	266.138	231.297	407.96	337.165	191.204	220.564
102.263	238.13	319.878	183.789	326.265	341.442	158.191	259.911
103.291	237.717	238.214	254.669	326.795	343.591	211.897	204.579
112.488	234.724	232.783	243.824	248.906	351.343	204.42	200.128
116.018	231.95	185.463	296.239	204.465	354.322	239.282	161.366
101.494	237.022	213.719	283.398	319.787	343.501	237.782	189.163
94.1118	238.17	185.91	342.832	363.007	336.62	277.462	165.345
81.4106	241.636	186.184	317.969	598.61	322.303	261.199	165.463
92.8647	239.084	233.625	251.098	432.342	336.254	220.823	211.703
89.5953	239.814	280.328	199.89	476.724	332.814	180.857	253.56
97.8134	236.766	228.187	249.87	345.483	342.73	225.986	212.394
103.088	235.088	249.744	217.277	292.365	348.044	199.389	232.847
113.153	231.077	221.986	220.418	211.529	356.832	201.93	206.404
98.2195	235.636	217.87	255.152	321.041	344.639	236.933	207.964
98.0253	234.61	185.26	308.019	289.88	344.74	281.068	175.677
86.775	236.78	162.584	371.51	363.201	332.917	331.975	153.579
91.1158	236.998	212.598	260.526	392.528	338.604	248.889	208.08
83.5717	239.371	228.542	232.843	570.385	330.075	223.848	224.886
81.9866	239.191	289.708	173.583	544.637	327.902	169.25	291.137
93.9076	235.476	247.68	209.187	351.348	343.458	207.377	253.281
101.845	232.24	257.36	186.666	254.652	351.281	185.52	264.418
92.9918	234.807	216.552	238.891	341.507	343.903	243.065	224.332
98.4489	232.328	196.474	256.207	265.213	349.494	260.781	200.967
93.926	231.974	161.532	328.198	259.089	345.117	334.447	161.789
90.1072	234.738	204.198	250.788	352.672	341.742	263.507	215.661
82.5069	236.956	194.056	265.45	475.734	332.491	279.53	203.353
75.4118	239.314	220.134	213.471	766.177	323.023	223.102	235.407
87.3343	235.136	227.599	215.21	395.909	340.184	231.37	252.748
89.5462	233.921	265.311	177.302	339.146	342.61	188.616	305.797
99.6059	229.191	260.324	161.527	221.296	353.953	171.088	298.473
94.2904	231.436	209.98	219.688	279.511	349.935	243.6	236.165
97.657	228.839	176.643	252.113	222.748	353.513	283.626	191.484
87.7767	233.013	203.007	231.365	342.27	343.676	266.302	233.282
83.9518	233.641	178.67	271.247	366.038	338.701	319.782	199.058
74.8445	236.586	176.244	264.89	569.572	325.855	311.136	195.744
83.7774	233.721	207.312	221.378	394.153	340.055	261.468	247.121
80.6621	234.806	237.518	187.599	459.227	335.786	216.03	296.617
84.89	232.112	279.561	151.949	324.034	341.459	170.488	373.859
87.8437	231.264	214.57	202.037	313.214	346.81	242.211	267.435
94.6452	227.886	200.856	200.181	230.591	355.136	239.68	244.554
95.8576	225.188	158.624	243.321	188.892	356.638	303.568	180.245
85.0892	230.658	177.06	247.111	304.616	344.547	321.358	212.816
78.0133	232.269	156.965	288.33	366.245	334.953	393.891	181.974
81.8308	231.723	195.127	217.78	358.968	341.566	283.46	250.29
76.132	233.959	202.991	206.74	499.73	333.239	265.205	264.791
74.4118	234.17	243.859	164.103	513.324	330.311	199.341	348.846
81.9878	230.896	208.279	195.177	346.648	343.342	254.36	284.823
86.8483	228.492	219.879	175.143	267.042	350.039	221.66	309.473
93.9911	224.176	189.881	181.275	191.989	359.431	231.723	248.638
83.809	228.719	182.435	216.247	285.445	347.255	301.923	241.961
81.9056	228.087	155.187	259.459	270.478	344.915	392.476	192.468
79.7027	229.886	190.646	204.562	338.476	342.68	289.758	267.021
74.8019	231.648	179.211	220.856	426.652	335.115	323.265	243.025
69.2941	233.867	196.069	191.047	633.161	325.82	263.641	278.972
77.7938	229.874	193.922	195.587	356.221	341.206	281.655	284.128
78.5837	229.374	220.335	167.05	335.954	342.514	226.293	352.473
85.1211	225.526	221.71	152.697	231.996	352.407	201.046	356.642
80.0823	227.742	186.719	194.502	294.764	346.349	289.497	276.93
83.1479	225.327	165.042	212.982	236.597	351.201	332.334	227.946
78.3447	225.315	136.725	266.846	237.522	344.357	484.578	173.083
74.8044	228.802	168.113	217.658	349.393	339.545	358.756	241.567
68.4345	231.258	163.751	220.102	498.883	328.37	365.516	231.783
75.2995	228.123	182.01	192.638	338.541	341.709	307.027	284.978
72.4293	229.523	200.83	172.361	405.555	336.724	258.673	340.185
74.9199	227.606	229.712	144.3	320.155	341.293	200.295	445.416
75.5621	227.076	183.723	183.897	315.501	343.66	295.985	300.826
80.2582	224.3	179.256	178.827	240.802	351.47	283.391	287.981
81.753	221.778	149.067	206.322	198.63	354.233	359.307	211.848
74.2323	226.36	165.859	200.597	306.56	343.03	356.733	260.031
70.0133	227.454	148.688	228.114	348.4	335.7	453.877	216.438
62.6867	230.541	149.133	215.548	565.193	321.192	407.279	217.702
69.0592	228.315	178.461	181.228	412.874	334.925	311.383	308.043
67.3253	228.878	205.057	152.206	450.755	331.634	234.575	409.854
71.8672	226.019	175.705	178.305	324.346	341.7	314.72	311.005
74.7539	224.389	187.375	161.205	272.793	346.958	265.253	354.472
79.7045	220.702	170.26	163.385	199.962	355.741	271.829	293.092
72.087	224.737	166.648	182.361	295.4	343.7	341.573	291.53
71.7381	223.862	146.432	208.31	270.945	343.297	445.815	229.811
65.3979	225.846	131.983	234.764	335.061	331.137	588.68	192.753
67.6054	226.11	162.999	184.273	364.937	336.529	363.952	289.626
63.3795	228.19	172.882	168.85	502.759	327.631	308.462	326.667
62.5234	227.942	206.145	134.814	482.297	326.009	210.904	494.865
69.1899	224.532	183.999	154.438	316.931	341.132	272.183	392.94
73.4019	221.513	188.433	141.883	235.508	349.418	235.777	416.903
68.8022	223.683	164.599	170.372	302.201	341.9	339.987	319.58
71.5315	221.454	151.881	179.774	242.986	347.467	380.31	270.803
68.9314	221.169	129.822	212.634	237.209	342.665	567.268	202.305
66.6834	223.701	155.54	177.288	317.528	339.084	386.509	294.464
62.3495	225.702	149.98	183.471	413.588	329.695	417.456	273.105
58.2319	227.729	165.649	156.14	603.827	319.917	298.74	338.541
64.9805	224.013	170.205	155.93	346.797	336.826	308.618	377.42
66.2897	222.811	190.213	134.715	301.181	339.774	234.874	511.063
71.5533	218.465	186.753	125.436	203.365	350.959	208.668	486.127
68.8715	220.358	158.597	158.041	245.652	346.772	330.767	333.655
70.4309	218.017	138.135	174.721	202.607	350.34	415.21	247.888
65.1117	221.758	152.927	164.963	293.771	340.157	379.418	319.174
62.8196	222.378	138.688	183.862	315.041	335.116	498.513	257.31
57.5317	224.982	137.515	179.992	454.824	322.384	471.714	253.17
62.4922	222.489	156.066	157.775	335.46	335.612	358.334	349.886
60.8238	223.365	172.996	139.149	376.668	331.658	274.093	464.21
63.2435	220.866	193.82	118.316	279.178	337.618	202.875	689.272
64.9025	219.972	159.921	146.263	265.714	342.728	315.832	391.652
68.4021	216.881	151.344	145.701	203.164	350.815	314.473	339.866
62.5836	220.424	150.426	154.283	290.388	338.812	372.556	348.583
63.1339	219.339	136.184	169.883	259.834	340.287	481.38	274.116
59.0513	220.809	123.98	187.829	302.784	330.471	664.74	223.933
61.009	220.388	146.671	154.685	302.635	336.473	393.359	341.11
57.8007	222.336	151.619	148.153	389.403	328.295	353.332	373.098
56.8603	222.436	173.526	124.387	395.724	325.917	241.699	574.98
