20.5212
13.7658
4.58861
-20.2857
3.93923
-54.5022
-34.7733
11.2763
43.3013
-49.1491
-8.68241
5.20945
0
37.856
-8.48528
-13.8564
54.0918
-31
-31.5138
-17.2073
11
-39.0032
54
1.73205
-6.8404
-21.9761
58.9789
-64.0859
8.48528
0.348623
24
-37.681
-21.7514
-7.53857E-08
16.383
22.9813
11.9543
39.8775
65.683
-24.4259
-37.856
-9.17722
57.1577
-25.605
-2.44036
36.0427
-17.9315
15.0351
57.1188
11.8177
37.4227
15.4548
4.91491
-0.348623
-42.4264
-33.425
-23.1822
-2.44036
-30.9731
43.8326
-24.432
50.2295
2.73616
-2.53571
28
-19.1531
-20
-49.0268
4.35779
-3.12312E-07
37.8554
-47.4948
47.128
50.5589
54.0918
0
-30.9731
14.3648
4.16756
3.66054
-8.66025
58.8897
-24.6255
-62.0197
-22.6274
-34.7733
-30.8145
-36
-53.7945
20.5212
14
-57.1188
29.826
-2.78898
47.5108
7.29322
-42.424
-11.3137
-5.07142
-63.0277
-0.697246
31.1769
-1.53209
48.864
-37.8554
-44.9951
54.064
-4.88072
-5.91666
32.5269
5.91666
6
4
-41.5692
-7.72741
-45.9627
-11.3137
-30.8145
5.07142
-51.8021
20.5692
-3.13761
11
26.0455
19
0
31.1127
-29.5833
-10.1428
-2.15388E-07
5.90885
6.15636
-27.5317
17.75
-29.8858
5.91666
-7.24693
-24.4259
-24.432
17.101
-70.9062
-43.8326
15.5291
-12.2567
-2.08378
63.0277
46.9846
-17.9981
-21.7959
3.93923
30.0702
42.5007
54
12.9968
-14.913
22
-41.1384
1
38.1838
-11.5702
-6.42788
5.79555
-5.69402
-6.27521
26.0455
-69.5373
-4.70641
-5.75228
19.2836
41.3664
-16.0601
-7.98782
-17.3867
21.8548
46.9846
7.52444
28.1908
57.7793
20
-0.694593
-43.2259
-24
9.96195
-24.0416
48.4974
-45.2548
53.7945
-32
-12.6187
-7.64052
1.39449
-13.6808
-3.48623
-3.4641
-21.2052
3.62523
59.8163
-0.347296
-5
1.38919
14.369
3.85673
19.1526
7.07107
2.43107
65.2542
-48.2963
-46.669
-3.85673
-8.48528
-8.68241
1.69047
1.96962
-11.4681
-17.9981
-52.091
19.4404
50.2281
-9.02971
26.2129
-21.8893
-50.2295
-22.9363
-41.8402
-24.432
-4.30775E-08
3.66054
12.2567
-21.2052
32.1394
-27.7128
-57.3406
4.70641
39.8343
-3.38095
-9.17722
4.35779
-3.27661
-25.3766
-36.7052
7.29322
63.0277
-59.8163
4
-2.58465E-07
4.58861
-1.53209
-19.2836
24
49.1491
60.6218
-29
58.0037
56.1911
21.2052
1.93185
52.4257
59.0885
-30.6418
50.5589
51.9615
3.10583
62.0197
-18.4691
42.5959
6.21166
5.92659
-23.6666
-17.785
-54.064
-18.3851
-5.90885
-8.28221
-6.12836
8.25652E-08
-8.99903
19
36.3731
-11.5702
72.8758
39.8343
45.3154
6.76189
-26.2023
1.96962
-18.635
-34
-29.8858
43.3013
-11
37.681
28.6788
-26
-30
14.913
-15.9391
27.8928
-13.7873
-8.33511
17.0821
-51.9615
-1.03528
58.9789
0
74
-36.3731
-64.9973
-5.40366
-10.2846
-38.1838
-3.01543E-07
3.82026
-25.3095
49.1491
-49.4975
-15.7569
27.5776
6.25133
-2.9633
-8.28221
-45.8725
7.72741
5.55674
-30.4285
-4.88072
-21.6658
32
-5.55674
2.51286E-08
-7.66044
-50.7434
0.697246
-5.19615
-25.3766
19.0526
64.9973
49.1491
-5.38469E-08
28.6788
-6
14.3648
1.7949E-08
-15.0489
-57.1577
-13.1064
10.9446
41.2975
10.3923
-9.19253
-29.1097
-63.0277
-36.7696
0
-2.57115
-43.3013
-29.8858
31
21.7959
-63.4415
0
-0.347296
36.2523
63.0277
-65.683
22.6274
-8.66025
-2.57115
31
2.15388E-08
1.87939
-11.3137
17.5997
-67.7412
-49.1491
-24.6255
4.70641
-4.10424
-1.6383
-8.68241
71.726
-23.6354
-4.51485
-43.7096
-8.20848
13.5238
-3.62523
50.7532
12.8558
-3.47296
-38
-1.6383
13.8564
-30.9731
63.7511
0
-22.6274
7.76457
-19.9239
-33.2674
-4.86215
-4.5321
3.47296
1.18463E-07
19.6962
25.2374
-15.5291
8.79985
-7.53857E-08
-22.8214
-6.76189
3.4641
-11.2763
-6.12836
18.3544
-24.2487
-60.1403
28
-17.0821
-6.1009
-29.5833
-5.65685
-43.3315
-33
-67.6148
23.2574
38.5673
-27.8935
-1.7231E-07
-5.90885
0
-3.4641
17.5997
-50.7532
18
-2
-8.33511
-28.2827
21.2052
-37.8554
-18.7939
-39.3193
11.4681
28.2827
30.4285
-5.69402
6.82061E-08
-44.2342
22.5167
-20
21.7959
-3.10583
47.8173
-32.8415
-65.7785
-38.3022
4.18348
-10.9881
-38.5673
-7.71345
52.4257
-41.0122
6.27521
-1.14715
2.73616
65.683
3.06418
1.28558
0
-2
35
56.6873
-22.6274
-47.5108
-36.7052
54.064
-12.4233
0
7.07107
-11.5702
29.826
-2.07055
6.55322
-12.1554
2.29431
-10.9881
-6
-12.85
-8.66025
1.7949E-08
11.4715
9.06308
-17.5997
67.0668
-2.77837
73.7184
-67.7412
10.3528
-19.4404
37.5877
13.5238
