-56.3816
-19.6596
-6.55322
-43.5028
0.694593
-19.8372
-9.31749
-4.10424
25
-34.4146
-49.2404
-29.5442
0
54.064
-8.48528
-8
-14.4939
53.6936
-5.55674
-24.5746
19.0526
-55.7023
0
1
18.7939
-47.128
-41.2975
-37
8.48528
3.98478
0
26.3845
-10.1428
-14
-11.4715
19.2836
-1.04587
-18.5952
17.5997
29.1097
54.064
13.1064
33
4.51485
27.8935
-25.2374
1.5688
-5.47232
-10.0716
2.08378
-6.59863
4.1411
3.44146
-3.98478
42.4264
39.8343
6.21166
27.8935
44.2342
3.83485
-8.89252
-29
7.51754
-5.43785
-48.4974
52.6228
7.17959E-08
41.1384
-49.8097
-58
3.31192
-39.8528
-21.9761
-42.424
-14.4939
0
44.2342
39.4671
23.6354
41.8402
5
-34
-67.6579
-22.5733
-22.6274
9.31749
14.369
-62.3538
-4.70641
-56.3816
-24.2487
10.0716
-42.5959
31.8782
-33.2674
41.3619
-50.5589
-11.3137
-10.8757
11.1135
7.96956
18
1.28558
-17.785
-3.31192
53.6231
-37.856
-55.7869
-12.6883
32.5269
-12.6883
0
0
24
2.07055
38.5673
-11.3137
-14.369
-10.8757
-4.5321
24.5134
35.863
19.0526
21.8548
32.909
0
-31.1127
-63.4415
21.7514
-40
1.04189
-16.9145
-39.3193
38.0649
2.61467
12.6883
27.0459
29.1097
8.89252
46.9846
-12.5027
3.83485
-57.9555
10.2846
-11.8177
-11.1135
17.101
21.4492
-31.1278
-0.694593
-10.9446
-11.388
0
35.7083
-21.298
-38.1051
-49.0268
-1.73205
38.1838
13.7888
-7.66044
1.55291
21.2504
71.726
-21.8548
25.3095
53.7945
-65.7489
-22.9813
-34.7105
-22.9363
45.3012
-4.65874
-26.0455
-17.101
-20.6732
-10.2606
5.05503
-34.641
-3.93923
-15.7329
-41.5692
-0.871557
-24.0416
-28
45.2548
4.70641
55.4256
18.0213
43.3315
-15.9391
-37.5877
-39.8478
-2
58.2609
-1.69047
-27.8928
-1.96962
-8.66025
7.87846
-30.8145
-4.59627
71.4785
7.07107
13.7873
-30.4285
-12.941
-46.669
-4.59627
-8.48528
49.2404
-3.62523
-0.347296
8.03007
-21.4492
43.7096
41.6902
13.4586
51.21
-18.3544
60.1403
29
16.0601
-3.66054
8.89252
-8
41.8402
10.2846
58.2609
38.3022
-16
-40.1504
-53.7945
33.425
-7.25046
-13.1064
49.8097
-2.29431
11.8333
9.83512
-41.3619
11.1135
-27.8928
0
-48
6.55322
1.28558
22.9813
41.5692
34.4146
-35
50.2295
27.0476
26.2023
-58.2609
-0.517638
36.7089
10.4189
25.7115
42.424
30
-11.5911
22.5733
50.7434
-29.826
-23.1822
67.7412
-50.7532
48.864
37.856
15.4269
-1.04189
-30.9096
-5.1423
46
10.7246
32.909
-21
13.7888
-12.85
33.425
21.1309
-14.5009
-56.1911
0.347296
69.5467
1.22053E-07
2.61467
25
19.0526
-26.3845
-40.9576
-45.0333
1.07694E-07
21.298
-1.39449
-59.8163
-2.43107
47.2708
63.7511
30
3.8637
-41.2975
0
0
-21
-11.4608
-61.7641
12.2567
-38.1838
-56
21.6658
-69.5373
34.4146
49.4975
-2.77837
23.1404
35.4531
33.8706
30.9096
-32.1203
-2.07055
31.5138
-65.2542
-55.7869
3.82026
0
-31.5138
14
6.42788
18.4691
-7.96956
3
-11.8333
-11
11.4608
-34.4146
-10
40.9576
2.15388E-08
39.4671
10
41.3465
-33
9.17722
-30.0702
-58.9789
6
7.71345
-24.4259
-11.1135
36.7696
0
3.06418
-25
-2.61467
-53.6936
-31.1278
29.5833
0
1.96962
16.9047
-11.1135
-17.5997
22.6274
5
-3.06418
-53.6936
12
-0.68404
11.3137
65.683
5.92659
-34.4146
67.6579
-53.7945
11.2763
1.14715
49.2404
6.27521
-4.16756
25.605
52.091
22.5526
-29.0018
-1.69047
-23.6666
-15.3209
19.6962
1.36412E-07
1.14715
8
44.2342
-17.0821
0
-22.6274
28.9778
1.74311
-47.5108
27.5746
-51.8021
-19.6962
66
-3.47296
-36.0427
57.9555
32.8415
-14
-48.9406
14.5009
2
-4.10424
-5.1423
-26.2129
-14
21.8893
0
63.7511
-69.7336
63.4415
-5.65685
7.64052
57.1577
18.1173
-63.8991
-45.9627
2.44036
-32
1.04189
0
-2
-65.683
-23.6666
-31.1769
3.4641
47.2708
-33.706
58.2609
3.31192
6.8404
27.5317
-8.03007
-33.706
65.2542
21.2504
38
30.9731
-13
34.641
31.1278
-11.5911
-4.18348
-8.79985
23.9414
32.1394
47.8173
-23.564
45.9627
-9.19253
36.7089
41.0122
-71.726
-1.6383
7.51754
-17.5997
2.57115
-1.53209
0
7.17959E-09
60.6218
47.5663
-22.6274
-33.2674
9.83512
-37.856
-46.3644
0
7.07107
-13.7888
42.5959
-7.72741
4.58861
68.9365
-3.27661
-23.564
10.3923
-72.8758
-5
10
16.383
-4.22618
65.683
31.2738
15.7569
6.44952
5.92659
38.637
41.6902
-13.6808
29.0018
