231
51
330
258
384
384
351
18
36
174
291
360
225
450
396
534
291
177
57
336
429
231
48
147
84
153
240
288
252
483
285
519
351
528
132
372
159
369
381
36
138
123
366
465
189
429
372
3
330
213
504
0
255
234
252
423
177
432
258
18
96
396
261
84
186
333
105
405
132
504
147
420
102
156
48
318
375
300
234
354
357
372
348
519
114
390
129
63
333
246
252
363
423
192
363
228
462
459
141
336
321
297
480
144
174
63
516
354
264
351
300
357
300
396
288
546
120
57
60
33
222
246
201
420
345
426
513
534
105
75
384
51
288
291
474
267
216
369
408
285
189
81
321
144
24
414
132
243
378
198
405
216
375
387
243
9
180
234
147
108
453
237
489
213
423
216
444
414
207
117
435
522
180
369
240
459
423
90
474
546
282
486
324
84
108
222
411
453
435
174
294
48
60
75
372
273
102
273
81
30
468
309
510
384
321
447
483
543
0
477
336
546
291
264
441
123
273
495
315
465
405
321
135
366
45
345
363
402
489
540
423
318
510
318
9
66
474
267
465
114
303
345
15
339
198
27
270
105
66
111
78
102
21
348
153
297
381
273
294
243
66
270
468
480
147
114
309
351
228
111
522
45
57
78
90
342
315
27
513
399
405
33
474
513
543
471
432
282
96
219
72
15
516
165
162
183
255
357
12
462
306
471
189
246
27
96
363
180
495
63
543
297
387
549
156
228
255
420
450
54
96
198
30
285
183
96
114
498
372
258
501
57
411
405
309
99
327
165
72
117
492
39
132
27
243
6
492
108
51
168
249
54
549
183
162
33
162
24
276
420
348
48
42
426
498
294
60
453
186
162
411
3
24
366
330
288
402
390
429
156
381
306
216
33
429
186
333
408
57
69
303
267
489
438
405
27
39
48
438
519
375
72
396
60
63
351
180
360
411
321
408
129
405
534
477
45
201
201
375
327
435
201
111
45
423
111
213
303
126
354
267
81
429
54
162
129
291
48
222
57
60
432
159
330
531
237
381
417
237
360
60
513
102
144
438
267
423
216
150
18
369
234
249
336
30
174
426
384
69
69
48
3
231
360
396
291
60
348
69
72
54
78
90
108
174
174
117
138
492
387
306
99
114
42
501
387
306
171
90
342
