241.82272901501037
63.29579507879771
339.0383569368446
268.7492630832691
391.1728575360479
390.07746070301664
358.8447326780856
32.00814203445299
47.44137990108118
185.1475977200767
301.2473119101342
369.44200423074517
235.80597724311855
452.6412802485506
403.4128854906554
538.5496532367956
299.37913106946235
187.99543756298735
68.78171074771015
345.12050658823455
433.68576781335764
241.86470290749435
59.11373953155908
158.78954264181812
95.50544361629622
164.493406279868
249.9736695177849
294.8038879135331
262.03010916143614
487.56179383414553
294.49028811462574
522.1332768263392
359.35128725026254
532.8920551617398
143.7179853166358
378.6726631392013
170.77108025815716
376.84749128820295
387.11440206362
48.079436059303646
149.51002509404765
135.10492327806435
372.8688798003135
469.7459581863809
200.63916646311327
436.78784183019184
379.38236793434476
18.569144336658326
337.15088062835935
224.24067093698412
509.0399664281336
16.04224387429798
265.0866658033433
244.6909339986507
259.84709220451396
427.12727149414764
188.83474871534725
436.38839791738343
265.53266469877246
31.250704853813943
107.7088688304097
403.6029997532961
270.7999532987298
95.74827528461137
197.28972677226784
339.8951298047184
116.85926794622912
409.55187477158876
144.25182111519362
506.34896210042945
159.2003645104868
427.5737202268539
113.55267142788261
167.52004971424316
59.19462134997872
326.92178828045166
380.4535449060114
307.9302709844352
244.03174934922225
360.6080885017692
364.79736358173693
378.397137203988
355.7990200508014
520.4223266245142
125.60286412950808
396.4487205236062
141.52636065407322
74.88962489085037
340.05426989456646
256.6322053202247
262.92590828160473
369.38289079749154
431.6635081176494
203.44756178034513
370.46430459752366
237.57111421934448
469.1203129787084
464.87368817350807
152.69246745070046
341.68520939788493
329.45661359962514
305.61363299448493
484.7584444012301
155.9698350976435
185.7181875823828
72.29272731283152
520.7350961091863
363.67192214450085
274.33832976493227
358.3027731312121
309.83518205854716
365.09639399588815
309.3588553141334
401.70292880979923
297.4805077781683
544.6109286879666
131.7599838656164
68.71856718388767
72.02238342227523
45.02311980214091
232.80041426438436
254.90649020497187
212.50202176451626
424.8149650277247
352.3338303420271
431.906417842573
518.2090550272117
530.6147951465921
116.772997539019
87.69689732706291
391.1574008459403
63.28926989376754
297.44745310813784
299.1197736791046
478.60570158007374
276.5156799735611
226.43614818358117
375.31996350967086
413.85760812674766
292.7351929085539
199.91496572730176
92.72406969603111
330.58639776980453
156.2659827353495
37.51806443964989
420.43019061385627
144.3043883373714
252.3645074272042
386.5560645700448
209.48886878511578
412.40023756447397
227.54877304621073
381.753858283808
392.23205386973746
253.77562375305172
23.19435728395098
191.398498129602
244.65280921035907
158.92678890346514
119.91373843835262
458.7414762080847
247.56417935222277
493.3504366911063
219.81193924057607
430.7933331181281
226.60031951610713
447.1048973049377
422.5283754615227
218.60912236795693
128.8907642521359
442.494233231131
525.0507769761471
191.60111517546255
377.914218134395
250.69691256705624
465.7447992706051
429.9055019098342
100.99446800586611
480.756343373837
549.8682814950976
291.28342128772715
492.2090397068459
332.73727079842104
95.64396646545686
119.63684277213389
230.75008716799738
417.00911273383224
456.9901219290259
439.69272801316635
185.6035782098122
304.0336659827954
60.41565482200684
72.66358680565281
86.75985952128633
377.0300739998313
282.9101538509535
113.24665960494454
282.89889234197653
92.77696521669736
43.069686039298404
474.87487528705157
318.3157202909985
505.72977960815837
390.76079007317946
329.26302315157943
454.06280748657105
487.58911316136744
540.793459973504
16.047877701265236
482.25426858730174
342.9529269839878
549.8958280444947
300.57603689270167
273.54591906270167
448.2109437277447
135.47470568192568
281.250783121117
498.8502332322066
322.08443233269793
471.42120972789075
407.7730823098227
329.61280910489893
147.457831819747
373.21877772148224
57.18369351949451
353.8061697410551
369.1735457374614
407.95923433444716
493.0521640846793
541.9606280077458
430.20809660087156
322.88550388526755
512.4983562068553
325.94901819209974
23.91733492155919
77.9102337046283
478.67710780718016
276.9778207980314
469.5030631989612
126.33663786100703
313.27387915040833
352.13762729683964
26.952348857666436
347.5340413055591
209.64406615852334
40.28373109751669
279.82193600477024
116.87314428410303
75.91515454434776
122.02265766203209
89.06554219828496
112.43804150759667
32.87369042856858
355.54883048208876
164.80571811454942
306.4470155438123
386.9834475745107
282.5402537459987
302.64918853584294
253.030422385505
76.04819358762236
280.2846529982108
471.2575696791646
485.13065033090453
158.77473399871064
125.83311195964075
315.5824896261616
359.51974438649336
236.52593348267476
123.39680934557674
525.8766831013362
57.35590715889782
69.29789623868203
89.76609063922348
100.03810414363068
349.9503375717634
322.77787705052094
39.76897202522781
517.1005389897307
404.6491242112048
409.8020974208998
44.704074325934016
479.8505195039636
515.2270087614945
547.0172231388012
468.8391506139437
437.86333645190507
291.3672396964464
106.9640130489291
229.43215822256053
83.80144751911234
28.585022533982567
519.767998600744
176.97533995076589
173.98420366710172
194.59332738714946
264.9045020038767
365.09140098822036
25.127950868252015
460.3532923166706
315.15669155406283
475.8484707384974
200.4655529854383
256.32842791958774
37.9650590073187
107.425190603691
366.96600480136215
190.96394746659857
499.23890881734326
74.23429509350922
539.5733747571112
305.5375525901753
394.9062282979281
550.9424197513
168.44036283542158
238.50207151133355
264.69574240704327
424.1697370167427
454.75654906058134
65.26060935958535
106.98125419577946
209.53659093500795
42.33606144414199
293.3483540208041
194.29604055096866
107.82526946776062
125.78206552220297
503.7108297090159
378.7802681960456
267.76290253158527
503.68146728917134
69.05574880776425
417.12565137175375
412.2674033711221
318.423379477764
110.06644755132189
334.3341281451126
176.57891122696884
81.85428234763671
128.8837856170148
496.9400375836316
51.50316744175359
143.78671346487147
38.0489220360235
252.88185202851145
20.7637584284152
495.6818131208226
119.77163865073578
63.062628022806706
179.4768330854648
259.3997443135287
64.91907727263944
552.5140602272697
194.73613998842825
173.3897858180248
45.667276227369655
173.34047753443122
37.285775257826856
286.5241994216577
426.085869061551
356.2749972876501
59.38981996767171
52.88626237617433
432.1283150358207
502.08902961464
303.25782579373185
71.94896907245186
460.344252076329
197.7840776188402
173.73326509095304
416.5461016039169
15.332209989418004
36.025977982887696
371.84180144877234
336.33131016911045
298.33251993238105
407.81578806103505
396.9245938299953
432.46340584877305
169.27106123175145
388.33889978126297
314.1076230360993
224.63885530666022
45.57195696717048
437.1413545754806
197.62217575477158
340.2841600281202
415.7342857310414
68.62210021193692
80.63920573349216
312.21702417793256
276.72257703049297
494.02623577904626
444.55782351031723
411.5545854884141
39.91291913494183
50.85333402044819
60.15917383531564
446.1630563267307
522.6655094632936
384.69814644406813
84.01031454801591
399.16824376123486
71.80955872113032
75.50845996574594
357.2916293813597
191.9551032737038
368.71952251905884
419.83702925307875
329.28259414146055
414.31920526947414
140.89849069192184
411.93340231979715
538.2572696945037
482.6498712513014
56.35541502784264
212.78526081002582
209.59147036311998
384.01136404304793
333.4756510533864
441.0996165155799
211.844638784897
121.06844232619628
56.191779243048416
430.99797094530777
123.419191666578
223.58042099200708
313.23519307978756
137.95599909461316
362.18177180831924
276.9650725677088
96.27110671585734
436.0453563901816
66.47801529534163
173.7819809671941
140.17113782599478
300.3846401360265
56.67801192180849
232.09928232135067
68.89961581843829
71.32246965175364
438.4000974853808
170.63399356184664
337.68505007609576
534.3259409125053
246.2078119095844
387.08272397657106
424.2959344409706
245.9512944769121
366.8207613014687
72.02332944884665
518.2310683768642
113.73034655889069
157.93211041209952
442.4671148716792
274.6790857799319
430.88315362024224
225.1414285124789
161.6919262632274
29.928203437979903
375.1931173058108
243.15799932389882
259.3021429611774
344.157445617735
41.186994346272854
185.76946610292723
432.029061818019
391.2019105605616
80.78904733647954
76.50059587397647
56.793766705980886
17.963090432460092
241.14328475358644
367.4514131300766
403.42612232662566
301.1578320192549
71.91592497230675
356.049923047236
80.86168629491232
81.69375331012228
66.1210858400824
89.63443664295525
97.13193271975805
119.77958156133053
185.56782832341463
185.99638519247247
131.66092195417747
149.8961394957206
496.2434185333757
393.1111527510814
315.3729582539135
107.03024813767507
125.21762221255108
54.251954821378035
504.9399507411816
392.34508787934897
313.78014921252895
182.84165081804514
101.55011112164175
349.370150912486
