20.172102083531286
14.6655675957476
5.147594136206698
-18.831558733054706
3.7652281855173158
-53.408325330813966
-33.294554666759254
11.09157754511336
39.38162203316184
-45.20775940111654
-7.705609933958011
5.227941249343942
0.6070240097891786
37.69234929685846
-8.32727684593775
-13.668602843102152
51.81649440304992
-28.470106016966852
-28.333112409227034
-16.217411679295978
10.644439285516539
-35.7534563850519
50.72889076497478
2.7949486989811057
-5.837442272948649
-21.251285168426893
55.39120346702055
-59.605050638799696
8.502880707393421
0.011222522993119766
23.09848379956167
-37.851025834569356
-20.629260374453473
-0.11046571517707648
17.35462326304514
22.399325366927886
12.605932923900097
38.52946379047862
62.57581043346406
-20.208103198160646
-35.17600021984939
-8.10439559955333
55.31460414441552
-26.46214887454472
-1.470793319325566
35.95769144879219
-17.105435514872838
12.82754907723562
55.61658148554749
11.899078575159471
38.01152837305338
12.734016804961074
5.13236173768137
0.2503957689280294
-40.73376984464843
-32.45904121597586
-21.344979615314436
-3.1741299047509948
-29.67001692191353
36.458132979454625
-23.01236940186682
48.89195997785027
3.1066456155425826
-1.0403056145610283
28.387303327306867
-18.77712808466521
-18.97425373839143
-47.05696820785164
5.225451527177472
-0.13284585988720754
37.654907107132466
-46.325612235358555
45.681245420445805
48.92349717321243
49.70235731942237
0.36032054345588715
-31.10714188345906
14.353850920968755
4.5212667023770825
3.5161808358395676
-8.188316547579976
56.34307350406081
-23.571399945118355
-60.33354408135482
-21.18396498059049
-34.103929814555386
-28.816284985661436
-24.407344973475833
-53.61614352992212
19.836750197769522
13.67706509346371
-57.560824592412004
29.546017487152863
-1.8463262075839775
45.779664183995635
7.586495189735687
-41.71762596663088
-11.617565307054818
-4.072465212915763
-64.5542257447822
-0.4444080740305131
29.816786860040832
-1.8972313431030985
47.670635565920364
-35.65860646693807
-41.180323094057556
54.51267571345482
-4.642004893556273
-5.014170843022647
31.873652433704603
6.050327227777858
5.954266999617168
3.7417761374010015
-41.420129382128074
-6.81617149519343
-47.466096061868235
-10.277247681126902
-26.98958571567459
6.804556871190674
-42.91137090131719
20.466432360040198
-2.5027851109496497
11.24821133607011
25.97684126521825
18.595435692406053
-0.376220839311193
31.24280063548245
-28.856536311366384
-9.448294190518194
2.026801284043313
5.67212470714819
7.812273498583854
-25.773061705665622
17.547568767543897
-30.73893789100371
6.097790716962186
-6.414635904606133
-23.932906586512562
-24.354847948788592
16.908216953356934
-66.7951693425183
-42.02950559042124
15.209016620040853
-10.769547657493309
0.3784233531662875
61.81175923107825
47.38701483773798
-16.88621653954068
-20.85060159035438
4.52172924786531
29.438324111918995
42.186138167727755
52.86008603164551
12.739915350987564
-13.724885267204325
18.556076233091556
-38.073265258395665
1.5218635468416226
38.642266341244174
-10.741901113557082
-6.789811239661753
6.035165953849099
-6.163697158749114
-5.125617958969402
25.710699046878084
-64.00270934845489
-7.228701144618302
-5.830125463928796
19.25634470462175
40.07272076352208
-16.140243604492383
-9.36913336905801
-15.767267203068364
21.12158822320802
46.842056489701996
7.243510445374134
27.859114844874384
58.31271675703786
19.84306038434997
-0.8353040720766204
-41.031662934440114
-24.062096288664495
9.815052592585834
-21.402009358995947
46.41052149829197
-43.868009737850386
53.31629994890978
-33.09794945161874
-13.123522541651688
-6.4097584450314695
1.767859513598921
-8.96769389128657
-0.5740602831219765
-1.8438824489235088
-22.27586702756625
3.9155096659365523
55.59280483317737
0.2061050968394449
-3.4208876777346893
3.000913190386754
14.13953263118513
3.936925777471008
13.74058066038352
6.786474369474413
2.405448604379024
64.90777625687053
-49.32255949239336
-42.620438932137425
-1.0766648783528672
-8.786020643549401
-8.567969137788033
1.5503863925724042
2.37889590921436
-10.286965320823214
-18.094686228127845
-47.79968104997834
19.108275167910314
50.45756517985952
-8.893682723464785
26.17745065971442
-24.93428577719921
-49.166935293691886
-21.24719534145683
-40.78996698483228
-21.241956703630578
0.29633153439473037
3.401594278448556
11.850263608128977
-23.27638589279499
34.20974426923119
-27.65670863115565
-53.669717724348914
4.625746481935367
38.952018296528024
-0.7357948852949865
-6.982611381318869
3.4383999728373853
-2.519505606128184
-26.260498862315178
-34.90582005676689
7.3038213275611215
61.35017425222397
-43.56665193782341
4.518335455138974
0.04403621737039165
5.755794914762221
-0.8924357977259945
-18.892624479493087
25.399378143422275
51.43344945761215
53.75856636284231
-29.102148472702307
46.52395375233144
54.92575446835083
18.884338985077218
1.9443901764078177
51.30572938198114
57.28498343791673
-29.625780098529017
49.65706907693029
52.116451905175964
3.418068473831032
58.48978828111693
-21.237420038841478
42.65096714985355
7.1378488755274025
6.105043834653718
-22.659129468732164
-16.768851882033225
-50.5403541029562
-18.3981827254632
-3.600934927013153
-5.071852298029336
-4.538356814065338
0.9707126939276585
-8.057057268388007
18.682746759041315
31.99136400046231
-11.969775174172279
68.28603743566394
40.10289801618557
40.522443963800846
6.507464650233031
-26.368211207564148
1.827150694282811
-7.203820602881372
-34.6914028800669
-28.10791436509722
46.11839401154923
-10.108161396571164
35.887950806788126
23.842771256588513
-26.0948961652198
-27.582891077081158
15.498657925233353
-14.394418233643792
26.533274379120577
-13.038000477185209
-4.257483404726066
14.071977978301224
-51.27942023964064
-1.4349251872824926
55.05374536283107
0.5484116387529423
60.429300916337944
-33.61902341740871
-65.31354617310572
-3.0472222109804754
-10.864316811100581
-31.24970345132394
-0.20631626263293046
3.368082916632181
-24.360054079647046
49.48837511149701
-44.00625935597022
-14.728088849557398
27.036675119738263
5.797402606659719
-4.2619725255082015
-6.68938977024224
-41.16486801013735
8.10666718857163
6.384907139570763
-28.300461241391428
-4.337252207352411
-20.77897062523759
33.43374492289627
-5.609731628042432
-0.04790418847908984
-6.674800477168737
-51.82940815828421
2.6254388460380538
-5.436923270135459
-24.884975036307704
18.467074135176528
64.96315731602489
47.09768304263861
0.9525871369778318
30.493836472736554
-4.914310455558298
15.059747779527125
1.7517983551256144
-14.286816137325358
-43.668972509742495
-12.012778320652043
10.351561070676233
40.00447767660065
12.028907987877412
-7.138634863254145
-27.324256195471605
-59.84184088973575
-33.564180961806436
-0.1355265155276204
-1.5207196988707163
-39.99743957426212
-24.45702723447395
28.512568237159645
19.859483578304257
-62.509663752927054
-0.3433915644083143
-0.12281019196866683
35.62741015729107
56.112146306197985
-66.61135226455582
22.476850005082365
-8.21964245250534
-0.6575586018650602
30.778165159390586
0.90527848525106
2.8505873923742646
-11.546874004113903
13.627900548965233
-52.59273360739228
-46.71140898179454
-23.613990180470466
5.01539464189007
-4.330588772757589
-1.6984732671812353
-12.074090847000866
65.45787372070082
-22.61685580531753
-4.406112088700321
-42.08991923066498
-5.682396180998986
13.241615265099759
-2.560453740042727
48.906673113431296
12.457044174498902
-1.9188583695307617
-35.77654833473911
-1.4143722974634545
13.558108729037444
-30.72418526630562
63.83847407875448
-0.2350133542737105
-16.53944502088884
8.622031188425154
-17.042939941936364
-33.004850677748344
-5.294980341375497
-4.423125841224596
5.089344890088619
-2.1633616889048475
20.924675895482846
23.84182051732533
-15.685840461609502
9.353831934438757
0.19907243746892855
-22.50848440743151
-6.596729105116056
3.14509421724878
-10.125141961718208
-6.195380189228523
18.25316277922201
-24.253080168389967
-52.24036341466266
27.572288761895276
-15.545614620204278
-5.947819867122969
-28.245144872300067
-6.011430328830235
-43.24583766591327
-32.65688954600404
-58.14519498589975
22.82558697270409
35.48093646329388
-27.30472811088875
0.40283059254174214
-4.791474489583316
0.20137181258078019
-2.6948732454918103
15.654857224620827
-51.25988305645419
17.93887923816964
-0.8377654599614198
-7.749096170741661
-26.444742448283417
20.661257400295167
-37.51725817266907
-16.74680688935821
-36.96732917048065
11.121693149467504
29.487875731384506
29.17020499471471
-5.970202744939972
0.5275303227955408
-43.46295154623171
22.079184677527135
-19.005662087168304
21.31813332050222
-1.0100676463029128
48.0513026626744
-31.06401197455251
-57.05450441367392
-36.602636017196986
4.44339291318819
-11.040502334896283
-37.54791933318888
-6.570794091146389
41.134350736991536
-39.90034113130701
6.080911105833963
-0.5340258604786031
3.050781148416651
54.90915832901555
3.9106936988378003
0.9188552510836858
-0.042096551390539805
-0.2921461534515526
35.37855988887361
51.375081285510326
-14.553911343917592
-45.23761101474112
-35.49057656454096
52.157162938718095
-11.31876943037578
1.813965957488003
7.0036943217171705
-9.380755645248486
31.574164878487597
0.016974820548439018
8.29389335250047
-11.723669824088532
3.543663414118752
-10.044927602903952
-4.69379321361826
0.12491463670156966
-7.497606806447852
-0.3291274313828185
11.093498194333277
8.546989107072562
-17.600588609880397
66.56446840126068
-0.9387426937988683
65.67438385780802
-66.7405450469825
9.994784168005156
-17.648192682334425
37.82578476512815
13.60328792768405
