-56.40619847893051
-20.162308602323563
-13.501719821100878
-47.53402868614771
-5.293089713543135
-23.770616355544206
-14.737301361454115
-0.6760210323005067
26.684881195665483
-36.509429076133664
-53.545208349435136
-36.4290152874845
-4.9046705685962335
53.95131027111197
-13.813206610286727
-4.740629155362497
-18.1864053453016
48.65277193973899
-3.723238822548158
-31.111653707805733
14.683059955087241
-57.31898572672629
3.526366107231642
-0.39122286830991015
18.70473291378087
-50.190403367040474
-43.529020143557204
-33.223218476552475
3.373608106794518
3.457066494632415
-6.02643496155956
31.348608810120968
-16.4123924222727
-10.973839379006595
-11.938229436778634
13.44251373657745
-2.7496777388308358
-24.036986165364848
12.696498293842897
29.89119172255774
51.53211321153911
13.041410708530364
27.05234567985395
4.014164736559082
24.949737405147857
-28.890802944008986
-4.210229165004983
0.8344073410886153
-13.963207749770298
-2.3387225907758786
-4.87016886716184
9.798503780786078
-1.8891594745625246
-9.182562429798036
34.48660215416199
37.63946490320361
2.824394815781397
24.08741744941327
37.95261415322665
8.797853718243946
-8.778278944296538
-33.23280310417155
2.256916315582401
-6.495369104711149
-53.33204526509855
45.15262510441982
-0.14787800115959682
38.951302047429806
-55.29656378591244
-57.11380215599219
2.8412488789687664
-42.86894106048327
-20.160902456112915
-43.9501363432499
-10.955378483794075
-6.734244796138371
39.956926476953484
33.80796421625459
19.385849845062044
34.94299280536971
-1.4217815968885192
-36.0165422671353
-69.78062607369174
-15.397154415579088
-22.04541397769141
5.4665883773910195
14.07336525359299
-53.601952005975114
-4.781627892248877
-55.63124793476299
-29.488404690363932
7.606758319194844
-46.537571826773394
28.791420554015968
-37.11650564565512
37.20032448257609
-50.78905270980293
-12.406587919637975
-11.589609137107676
15.02213353562042
1.1689971585103085
12.038073130692776
1.393208837881386
-16.770057664936328
-6.971764776991072
52.09756415835588
-34.49416349364637
-61.54515706754954
-18.59584329684668
26.375675104584325
-19.417799572122103
-6.6601109639894664
-6.389394730137355
21.630489028506283
-4.0857037769215765
38.410498564845895
-11.423818227510637
-12.663343124737455
-11.917009887481136
3.1330839562967085
20.05479884839015
31.703125079168107
15.519692852809875
18.037905829857774
26.381775340097846
-4.024596727235999
-29.47344068558157
-56.48097614258611
22.000164531604092
-39.423020508502994
-4.948981946808826
-17.507517182918182
-44.26117958640987
32.690148030204234
3.1400106000424595
7.487951130300426
23.056103376534615
24.37568562434287
4.816027300199856
41.70321216485326
-13.496800178499797
6.38247909536204
-62.936218694779356
9.5329386017458
-8.942435642111594
-14.468770515150513
18.34695332796255
17.0041401121394
-36.95683878339522
-4.261234433849043
-15.849444260762734
-16.81320924478296
-4.835337526088655
31.074666789300338
-26.96083225176934
-30.5203957442266
-51.01896970078738
-6.876069851083025
37.693414402168166
13.787377350689336
-8.798093884903814
-3.567663836016348
20.613119718222755
63.88506598919708
-25.945223345880915
18.80477356335889
54.74392878997658
-67.96155129470388
-26.396134737459207
-33.84481943317042
-25.731016824468483
47.51993261052766
-7.899272823182808
-32.44228714061341
-22.79888118210983
-20.771113422274862
-14.26183035746018
8.004386107980528
-34.22359123843358
-0.2977629167255058
-22.10987601191828
-41.73942904846854
-7.647494860178441
-23.434208427233454
-25.88459408460591
39.33088227901373
1.183223697723359
54.389751446605736
14.131593307200873
40.91752570979067
-22.56914816544022
-35.89983908351994
-38.95092634822437
-2.9914766631133345
52.10571666218768
-7.574814939312902
-24.089148020022485
-7.854512781036715
-9.718145713741407
9.357714012784777
-30.848822959903043
-11.204917586874359
64.43657287348029
1.0779923253123505
7.03981698566069
-30.970279229421347
-11.528789578430779
-35.2293136432769
2.4351310624824998
-8.44819777902142
41.80867653836882
-0.021406791022267946
-6.632214139539035
2.687091006046736
-23.72124274122253
43.2641806331392
36.76239549852277
15.600027205654794
44.1463463064187
-18.040976141248656
57.36421646159715
22.410254380190487
15.513124400587774
-8.24234964176041
10.755293141914265
-14.900974110394298
35.358971910334645
5.0169226587823355
59.18833894639271
40.08908293081758
-19.39406163406702
-36.99891278466362
-52.66365997578097
25.982202375239595
-1.7538361993159164
-13.89282598902152
52.19788163254241
-8.047311546254967
10.880087115525612
10.40971705594984
-47.45376068243472
4.412600761780556
-13.48189830990717
-6.885877963277044
-51.96190644886694
8.334928416695057
-4.421839062373098
23.387860868957187
40.841694873860405
36.508503647468864
-30.34165041533056
49.82901552225718
30.221495055410504
18.988077684084715
-65.33049463664985
-6.874065912411736
32.55424966579967
4.303732988119855
18.541158351029495
34.793357884822406
32.161397932386926
-17.616496837111736
22.39196411290035
51.85207603122169
-29.83349529885594
-23.391021414242296
59.80791969393724
-55.41245061509817
44.00910248771454
39.02063087351344
18.577503306583218
-0.6309970932164646
-30.739342840497695
-6.131708392367071
45.600065739755244
4.026504940528103
26.380972575359618
-17.218256694320456
16.081562281948703
-15.855123460424348
30.860230283866212
23.502594022055238
-13.706405804905987
-53.658617454007285
3.692438323321217
65.29174323456913
-2.2645971741770587
-4.008701314130599
26.784674173878887
14.791863586996708
-25.672334550712446
-34.21113591068441
-42.91023250371795
-2.7632967278949714
19.211632010609854
-4.81503917814674
-58.12133044605365
-8.803221673953889
42.54634952403945
63.96462696883952
22.057749649574077
3.457123478360484
-43.085029317576605
-5.296700451168699
9.044670585174302
-19.297554629977345
-8.498366737786835
-66.71839074063544
12.935353304648295
-34.172420353807546
-50.93938800384286
15.821120245615553
-71.00693150102363
35.849497602972306
45.27428441833029
-8.098561115413652
18.043786865594893
32.597273813357745
31.958771878481492
30.58613388215176
-28.13713485502045
-5.554423339550399
30.81798644519775
-64.93964521219591
-61.43496576961931
3.8322260384483213
0.6210522724452296
-31.017719494819016
7.715094493095896
1.1934825658327695
21.664808557372428
-8.759075033409708
-1.7636815177594753
-16.403800346636725
-17.64487633580853
15.344389696720459
-37.045021798201795
-12.014766625505736
40.75760508377802
-0.267530934013001
39.509192612792525
10.697637020196186
41.20590861032165
-21.38788446748667
4.275628471470622
-22.610269518127332
-56.16604790153346
5.8395404848833365
8.025295301885873
-26.636752209595855
-17.65841194215729
37.60645402086917
3.3846994108425195
0.2793924570382398
-26.635720582597493
1.246911096667831
-60.817879818941606
-27.541208302640037
19.50467050382468
-4.351333736305706
-4.761503327952513
18.177217237824454
-5.4108459594238925
-18.890472206357856
22.735272437280326
-1.1977097278368412
-3.776780630905611
-54.29883214279246
9.108060593282962
-2.666290211888411
6.627691012918847
52.58498258000113
16.792964694941343
-37.3911871059348
57.98325571474852
-56.93525182947951
6.026202091177452
-4.569854362044009
48.865509305470155
6.105546796743996
-9.60182333680752
19.204183586590887
45.565911034732494
23.20166412654476
-32.723743022489096
-4.67666470411477
-27.014691968018557
-20.203117336975637
19.623523247290215
2.165770381006578
-5.25171857461453
2.5483098126529367
46.3663182954072
-18.837247209958896
-5.07174451526086
-18.2987359961378
28.54636599298667
2.963129911118914
-49.91382712582359
29.5015336601026
-57.44213918895808
-20.84847137345874
61.78499695224205
-4.09936018290487
-35.40695988579482
50.05397599516898
30.82559101683649
-20.751631908227516
-52.87990891600461
7.771565926449427
-3.005462048728039
-4.361200954304875
-10.051559091965245
-23.200504787416758
-13.495149564255218
27.80246774829483
-4.0656353004251065
57.15610812464917
-72.92248536443248
54.42471511835469
-8.762192431415443
3.3591026425367434
55.72236345147159
25.890862185072574
-65.7361871674163
-46.09065340153897
-2.618445122686607
-38.60016499162619
0.8197297125208012
-6.68875225980291
-7.743196281024415
-61.811056929185995
-25.936481779811697
-31.143111551122242
1.2481922553578393
47.224634279076604
-39.13033525343466
52.98389406412645
-1.7224644684938104
7.495380663628528
29.67677371608784
-11.543427661820132
-37.2696357430924
56.4800352690021
23.613290321494308
33.90822437993064
28.33544299165971
-17.399349969963758
30.37425941772995
25.004788139441164
-12.454819679605631
-1.6835677245568972
-8.055218564603543
23.479775428843826
30.032093969861688
43.09760667635784
-27.303513415353844
40.63118848799669
-10.345758311382355
37.05340419025986
37.155605105621554
-67.58456714264656
-7.034979709468019
0.5969546205768759
-9.701416182915803
0.11823693256428314
-5.512503640701472
-5.958953753990644
-0.8938420240492366
57.200907540362394
46.93792191715017
-12.926114336408627
-38.556793233071446
5.284657185724658
-41.11927420261702
-51.04098955501536
-0.6907948481762327
0.3947975864677997
-14.495938323015729
42.29268693673791
-8.26500990228243
3.713985240738984
64.55097124808101
-3.7339719618449108
-25.64078348525723
8.089293261556879
-68.25315143948352
-5.3293726270670865
9.979752561249779
10.623817005195558
-10.797575541263523
62.62565768391331
34.4656152959345
16.22424106078907
8.289347206091616
2.896716275774732
32.634852730328454
38.815867142703226
-13.236687013417555
22.240069889546643
