0
19.9172
9.377
-3
-31.9495
-58.2609
-7
7.29322
53.6231
22
36.7701
0
-14
-52.6228
-7.51754
-18
11.1135
12.2567
44
53.6231
3.82026
-25
-1.87939
-28.1908
-29
1.73648
29.1097
66
12.2567
7.64052
-36
-22.5526
-48.864
-2
5.55674
45.9627
12
29.1097
11.4608
-9
-43.2259
-69.5373
-13
9.377
4.59627
34
45.9627
2.08378
-20
-63.8991
-18.7939
-24
0
21.4492
56
4.59627
5.90404
-31
-13.1557
-39.4671
-35
3.82026
38.3022
2
21.4492
9.7243
-4
-33.8289
-60.1403
-8
7.64052
55.1552
24
38.3022
0.347296
-15
-54.5022
-9.39693
-19
11.4608
13.7888
46
55.1552
4.16756
-26
-3.75877
-30.0702
-30
2.08378
30.6418
68
13.7888
7.98782
-37
-24.432
-50.7434
-3
5.90404
47.4948
14
30.6418
11.8081
-10
-45.1052
0
-14
9.7243
6.12836
36
47.4948
2.43107
-21
-65.7785
-20.6732
-25
0.347296
22.9813
58
6.12836
6.25133
-32
-15.0351
-41.3465
-36
4.16756
39.8343
4
22.9813
10.0716
-5
-35.7083
-62.0197
-9
7.98782
56.6873
26
39.8343
0.694593
-16
-56.3816
-11.2763
-20
11.8081
15.3209
48
56.6873
4.51485
-27
-5.63816
-31.9495
-31
2.43107
32.1739
70
15.3209
8.33511
0
-26.3114
-52.6228
-4
6.25133
49.0268
16
32.1739
12.1554
-11
-46.9846
-1.87939
-15
10.0716
7.66044
38
49.0268
2.77837
-22
-67.6579
-22.5526
-26
0.694593
24.5134
60
7.66044
6.59863
-33
-16.9145
-43.2259
-37
4.51485
41.3664
6
24.5134
10.4189
-6
-37.5877
-63.8991
-10
8.33511
0
28
41.3664
1.04189
-17
-58.2609
-13.1557
-21
12.1554
16.853
50
0
4.86215
-28
-7.51754
-33.8289
-32
2.77837
33.706
72
16.853
8.68241
-1
-28.1908
-54.5022
-5
6.59863
50.5589
18
33.706
12.5027
-12
-48.864
-3.75877
-16
10.4189
9.19253
40
50.5589
3.12567
-23
-69.5373
-24.432
-27
1.04189
26.0455
62
9.19253
6.94593
-34
-18.7939
-45.1052
0
4.86215
42.8985
8
26.0455
10.7662
-7
-39.4671
-65.7785
-11
8.68241
1.53209
30
42.8985
1.38919
-18
-60.1403
-15.0351
-22
12.5027
18.3851
52
1.53209
5.20945
-29
-9.39693
-35.7083
-33
3.12567
35.238
74
18.3851
9.0297
-2
-30.0702
-56.3816
-6
6.94593
52.091
20
35.238
12.85
-13
-50.7434
-5.63816
-17
10.7662
10.7246
42
52.091
3.47296
-24
0
-26.3114
-28
1.38919
27.5776
64
10.7246
7.29322
-35
-20.6732
-46.9846
-1
5.20945
44.4306
10
27.5776
11.1135
-8
-41.3465
-67.6579
-12
9.02971
3.06418
32
44.4306
1.73648
-19
-62.0197
-16.9145
-23
12.85
19.9172
54
3.06418
5.55674
-30
-11.2763
-37.5877
-34
3.47296
36.7701
0
19.9172
9.377
-3
-31.9495
-58.2609
-7
7.29322
53.6231
22
36.7701
0
-14
-52.6228
-7.51754
-18
11.1135
12.2567
44
53.6231
3.82026
-25
-1.87939
-28.1908
-29
1.73648
29.1097
66
12.2567
7.64052
-36
-22.5526
-48.864
-2
5.55674
45.9627
12
29.1097
11.4608
-9
-43.2259
-69.5373
-13
9.377
4.59627
34
45.9627
2.08378
-20
-63.8991
-18.7939
-24
0
21.4492
56
4.59627
5.90404
-31
-13.1557
-39.4671
-35
3.82026
38.3022
2
21.4492
9.7243
-4
-33.8289
-60.1403
-8
7.64052
55.1552
24
38.3022
0.347296
-15
-54.5022
-9.39693
-19
11.4608
13.7888
46
55.1552
4.16756
-26
-3.75877
-30.0702
-30
2.08378
30.6418
68
13.7888
7.98782
-37
-24.432
-50.7434
-3
5.90404
47.4948
14
30.6418
11.8081
-10
-45.1052
0
-14
9.7243
6.12836
36
47.4948
2.43107
-21
-65.7785
-20.6732
-25
0.347296
22.9813
58
6.12836
6.25133
-32
-15.0351
-41.3465
-36
4.16756
39.8343
4
22.9813
10.0716
-5
-35.7083
-62.0197
-9
7.98782
56.6873
26
39.8343
0.694593
-16
-56.3816
-11.2763
-20
11.8081
15.3209
48
56.6873
4.51485
-27
-5.63816
-31.9495
-31
2.43107
32.1739
70
15.3209
8.33511
0
-26.3114
-52.6228
-4
6.25133
49.0268
