0
-16.7125
-53.1796
-5.19615
-11.6287
21.2052
12.1244
41.3619
44.9951
0
-30.8538
0
-24.2487
-19.1531
2.73616
31.1769
63.0277
10.2846
0
-44.9951
-21.6658
-43.3013
-0.68404
10.2606
50.2295
9.84808
24.4259
0
-10.2846
-43.3315
-62.3538
-8.20848
17.785
3.4641
31.5138
38.5673
0
-24.4259
-64.9973
-15.5885
-15.7329
25.3095
22.5167
53.1796
3.85673
0
-38.5673
-11.8177
-34.641
-23.2574
6.8404
41.5692
0
17.9981
0
-3.85673
-33.4835
-53.6936
-4.78828
14.3648
60.6218
21.6658
32.1394
0
-17.9981
-55.1492
-6.9282
-12.3127
21.8893
13.8564
43.3315
46.2807
0
-32.1394
-1.96962
-25.9808
-19.8372
3.4202
32.909
64.9973
11.5702
0
-46.2807
-23.6354
-45.0333
-1.36808
10.9446
51.9615
11.8177
25.7115
0
-11.5702
-45.3012
-64.0859
-8.89252
18.4691
5.19615
33.4835
39.8528
0
-25.7115
-66.9669
-17.3205
-16.417
0
24.2487
55.1492
5.1423
0
-39.8528
-13.7873
-36.3731
-23.9414
7.52444
43.3013
1.96962
19.2836
0
-5.1423
-35.4531
-55.4256
-5.47232
15.0489
62.3538
23.6354
33.425
0
-19.2836
-57.1188
-8.66025
-12.9968
22.5733
15.5885
45.3012
47.5663
0
-33.425
-3.93923
-27.7128
-20.5212
4.10424
34.641
66.9669
12.8558
0
-47.5663
-25.605
-46.7654
-2.05212
11.6287
53.6936
13.7873
26.9971
0
-12.8558
-47.2708
0
-9.57656
19.1531
6.9282
35.4531
41.1384
0
-26.9971
-68.9365
-19.0526
-17.101
0.68404
25.9808
57.1188
6.42788
0
-41.1384
-15.7569
-38.1051
-24.6255
8.20848
45.0333
3.93923
20.5692
0
-6.42788
-37.4227
-57.1577
-6.15636
15.7329
64.0859
25.605
34.7105
0
-20.5692
-59.0885
-10.3923
-13.6808
23.2574
17.3205
47.2708
0
0
-34.7105
-5.90885
-29.4449
-21.2052
4.78828
36.3731
68.9365
14.1413
0
0
-27.5746
-48.4974
-2.73616
12.3127
55.4256
15.7569
28.2827
0
-14.1413
-49.2404
-1.73205
-10.2606
19.8372
8.66025
37.4227
42.424
0
-28.2827
-70.9062
-20.7846
-17.785
1.36808
27.7128
59.0885
7.71345
0
-42.424
-17.7265
-39.8372
-25.3095
8.89252
46.7654
5.90885
21.8548
0
-7.71345
-39.3923
-58.8897
-6.8404
16.417
0
27.5746
35.9961
0
-21.8548
-61.0581
-12.1244
-14.3648
23.9414
19.0526
49.2404
1.28558
0
-35.9961
-7.87846
-31.1769
-21.8893
5.47232
38.1051
70.9062
15.4269
0
-1.28558
-29.5442
-50.2295
-3.4202
12.9968
57.1577
17.7265
29.5682
0
-15.4269
-51.21
-3.4641
-10.9446
20.5212
10.3923
39.3923
43.7096
0
-29.5682
-72.8758
-22.5167
-18.4691
2.05212
29.4449
61.0581
8.99903
0
-43.7096
-19.6962
-41.5692
0
9.57656
48.4974
7.87846
23.1404
0
-8.99903
-41.3619
-60.6218
-7.52444
17.101
1.73205
29.5442
37.2817
0
-23.1404
-63.0277
-13.8564
-15.0489
24.6255
20.7846
51.21
2.57115
0
-37.2817
-9.84808
-32.909
-22.5733
6.15636
39.8372
72.8758
16.7125
0
-2.57115
-31.5138
-51.9615
-4.10424
13.6808
58.8897
19.6962
30.8538
0
-16.7125
-53.1796
-5.19615
-11.6287
21.2052
12.1244
41.3619
44.9951
0
-30.8538
0
-24.2487
-19.1531
2.73616
31.1769
63.0277
10.2846
0
-44.9951
-21.6658
-43.3013
-0.68404
10.2606
50.2295
9.84808
24.4259
0
-10.2846
-43.3315
-62.3538
-8.20848
17.785
3.4641
31.5138
38.5673
0
-24.4259
-64.9973
-15.5885
-15.7329
25.3095
22.5167
53.1796
3.85673
0
-38.5673
-11.8177
-34.641
-23.2574
6.8404
41.5692
0
17.9981
0
-3.85673
-33.4835
-53.6936
-4.78828
14.3648
60.6218
21.6658
32.1394
0
-17.9981
-55.1492
-6.9282
-12.3127
21.8893
13.8564
43.3315
46.2807
0
-32.1394
-1.96962
-25.9808
-19.8372
3.4202
32.909
64.9973
11.5702
0
-46.2807
-23.6354
-45.0333
-1.36808
10.9446
51.9615
11.8177
25.7115
0
-11.5702
-45.3012
-64.0859
-8.89252
18.4691
5.19615
33.4835
39.8528
0
-25.7115
-66.9669
-17.3205
-16.417
0
24.2487
55.1492
5.1423
0
-39.8528
-13.7873
-36.3731
-23.9414
7.52444
43.3013
1.96962
19.2836
0
-5.1423
-35.4531
-55.4256
-5.47232
15.0489
62.3538
23.6354
33.425
0
-19.2836
-57.1188
-8.66025
-12.9968
22.5733
15.5885
45.3012
47.5663
0
-33.425
-3.93923
-27.7128
-20.5212
4.10424
34.641
66.9669
12.8558
0
-47.5663
-25.605
-46.7654
-2.05212
11.6287
53.6936
13.7873
26.9971
0
-12.8558
-47.2708
0
-9.57656
19.1531
6.9282
35.4531
41.1384
